0.000000 1.191211 1.472551
0.000000 0.326159 0.780078
0.000000 1.865186 1.577900
0.000000 0.957011 0.501336
0.000000 0.917076 1.815235
0.000000 1.857683 0.579017
0.000000 1.252795 0.759144
0.000000 0.314533 0.117268
0.000000 0.117584 1.045371
0.000000 1.216197 0.276334
1.000000 6.957311 5.886714
1.000000 6.987507 6.271541
1.000000 5.357023 5.198757
1.000000 5.255133 6.570677
1.000000 5.440874 6.376813
1.000000 6.953631 6.702666
1.000000 5.532294 6.345297
1.000000 5.728501 5.467485
1.000000 6.956609 6.458949
1.000000 6.986067 6.140306
